[55.5329, 12.2223, 10],
[49.405, 11.1617, 2],
[40.793, -74.0247, 165],
[34.7725, 113.7266, 2],
[49.405, 11.1617, 80],
[37.7353, -122.3732, 2],
[50.1188, 8.6843, 331],
[52.3759, 4.8975, 385],
[37.7353, -122.3732, 2],
[37.7751, -122.4193, 20],
[37.7353, -122.3732, 4],
[25.0389, 102.7183, 2],
[52.3824, 4.8995, 4],
[37.7353, -122.3732, 2],
[59, 26, 3],
[34.7725, 113.7266, 2],
[43.6319, -79.3716, 9],
[45.7136, 0.2014, 10],
[44.4838, 11.011, 17],
[48.8582, 2.3387, 12],
[52.3824, 4.8995, 5],
[9.1455, 99.335, 10],
[37.7353, -122.3732, 2],
[40.793, -74.0247, 3],
[50.1188, 8.6843, 331],
